window              8K     64K    512K      4M     32M    256M     iters
------------------------------------------------------------------------
   0-  10s       53244       0       0       0       0       1     86012
  10-  20s        7105       0       0       0       0      63   2071489
  20-  30s       41402       0       0       0       0      50   1679802
  30-  40s       10557       0       0       0       0      72   2369853
  40-  50s        8030       0       0       0       0      70   2301790
  50-  60s        4684       0       0       0       0      73   2396748
  60-  70s       24381       0       0       0       0      54   1793853
  70-  80s       98249       0       0       0       0      24    884681
  80-  90s       67305       0       0       0       0      43   1476329
  90- 100s        4874       0       0       2       0      31   1021706
 100- 110s        6262       0       0      10       0      73   2403446
 110- 120s        6121       0       0       1       0      75   2464233
 120- 130s        6233       0       0      18       0      73   2407513
 130- 140s        7131       0       0      97       0      72   2416091
 140- 150s        6940       0       0       0       0      75   2464540
 150- 160s        6637       0       0      25       0      74   2444269
 160- 170s        6051       0       0       1       0      75   2464163
 170- 180s        8858       0       0       0       0      74   2433690
 180- 190s        8187       0       0      24       0      71   2347003
 190- 200s        6469       0       0      40       0      73   2419013
 200- 210s        6445       0       0       4       0      75   2466093
 210- 220s        6400       0       0      71       0      74   2467584
 220- 230s        6406       0       0     125       0      72   2429702
 230- 240s        7503       0       0      28       0      72   2381135
 240- 250s        6387       0       0       9       0      74   2435827
 250- 260s        7149       0       0      22       0      74   2443245
 260- 270s        6938       0       0      23       0      74   2443546
 270- 280s        6573       0       0      68       0      73   2433453
 280- 290s        7170       0       0     132       0      72   2434050
 290- 300s        6011    3426       0     355       0      48   1788043
 300- 310s        8335     120       0      79       0      73   2441807
 310- 320s        6108      11       0      39       0      74   2450996
 320- 330s        7620    2908       0     134       0      67   2294948
 330- 340s        5863    5046       0    1781       0      36   2137751
 340- 350s        3235   51226       0    2385       0       7   1863539
 350- 360s         938  168151       0     167       0       3   1529954
 360- 370s         168  187538       0      81       0       1   1574712
 370- 380s         668  153395       0     106       0       7   1511476
 380- 390s         279  162370       0      60       0       3   1428263
 390- 400s         464  159577       0      59       0       5   1471128
 400- 410s         718  139656       0      29       0       9   1427726
 410- 420s        4467    1481       0    1850       0      42   2339771
 420- 430s        4010   23617       0    1421       0      36   2100146
 430- 440s        5271   20388       0     128       0      58   2134455
 440- 450s        6161   28013       0     194       0      52   2033529
 450- 460s        4290   15537       0     106       0      61   2181706
 460- 470s        4350   23005       0     138       0      58   2159590
 470- 480s        4876   22261       0     164       0      57   2134708
 480- 490s        5157   19598       0     164       0      58   2146453
 490- 500s        5882   25477       0     164       0      54   2063138
 500- 510s        6330   24326       0     165       0      55   2087658
 510- 520s        6181   30291       0     142       0      52   2025149
 520- 530s        5873   27719       0     123       0      55   2092841
 530- 540s        5856   31887       0     136       0      53   2067288
 540- 550s        5961   28334       0     151       0      54   2079417
 550- 560s        5690   34396       0     116       0      54   2109722
 560- 570s        6142   43462       0     134       0      48   1995310
 570- 580s        5499   39149       0     166       0      51   2074851
 580- 590s        6469   29440       0      96       0      54   2060613
 590- 600s        5032   29209       0     135       0      44   1749616
------------------------------------------------------------------------
TOTAL           593595 1531014       0   11668       0    3205 123837163

598.5 s recorded, 2139482 evictions of valid entries (+1608 empty slots)
  8K    593595 evictions  27.7% of evictions     0.5% of flush-loop work
  64K   1531014 evictions  71.6% of evictions     9.9% of flush-loop work
  4M     11668 evictions   0.5% of evictions     4.8% of flush-loop work
  256M    3205 evictions   0.1% of evictions    84.8% of flush-loop work
